(11, 365, 70, 80) (38, 248, 99, 85) (79, 23, 73, 59) (104, 451, 152, 93) 
(0, 125, 95, 60) (30, 401, 90, 89) (218, 33, 84, 69) (263, 0, 29, 58) (403, 477, 50, 50) (420, 457, 19, 36) 
(46, 229, 46, 46) (95, 274, 36, 18) (254, 569, 70, 58) (352, 360, 97, 97) (384, 548, 77, 90) 
(173, 223, 76, 73) (220, 0, 77, 86) (298, 166, 92, 90) (401, 565, 54, 38) (421, 516, 88, 88) 
(26, 115, 84, 76) (128, 207, 101, 84) (208, 82, 67, 73) (386, 541, 77, 79) (419, 457, 66, 86) 
(0, 575, 68, 46) (167, 343, 72, 72) (223, 400, 66, 58) (343, 63, 86, 87) (375, 508, 74, 64) 
(104, 0, 71, 93) (153, 220, 89, 82) (310, 102, 109, 86) (420, 177, 80, 79) 
(0, 462, 74, 78) (228, 348, 111, 124) (302, 0, 47, 47) (346, 0, 39, 28) (418, 0, 41, 89) 
(0, 584, 85, 79) (159, 21, 118, 82) (317, 585, 95, 94) (372, 361, 86, 85) 
(248, 90, 87, 77) (302, 190, 86, 75) (373, 86, 78, 91) (383, 220, 78, 88) (426, 0, 81, 84) 
